1.595934503147345973e+00 1.176446037875882311e+00 -5.378576395118617626e+00 4.643848731839170796e-01 1.623109034017387486e+00
1.641525536716869516e+00 1.666192437989551411e+00 -6.097998717247293143e+00 -1.203522617676481943e+00 1.016427945203590699e+00
1.087416939409062699e+00 9.931596251120835550e-01 1.726354831273690493e+00 3.431873982588891536e+00 2.448493969010021143e+00
1.617636372989506910e+00 1.480031301221730100e+00 7.624957769921337558e+00 1.195463285195819125e+00 5.282380245640198702e+00
1.292744051445423592e+00 8.675784211386543543e-01 -7.562213050179003027e+00 7.040483193305441034e+00 6.244597246683349923e+00
1.357193643967695262e+00 1.444125890697460335e+00 5.146031302171198973e+00 5.059967324425667101e-01 5.284161030669607406e+00
1.087304342496887788e+00 1.718801331508407859e+00 5.058755281533926507e+00 -4.223216277791859596e+00 3.014788466026722791e+00
1.249025427477254091e+00 1.152874752364995592e+00 -1.951511653635284560e+00 4.798182946569795604e-02 1.575922625043702507e-01
1.285417073036664748e+00 1.229172523861237654e+00 9.966752844703993475e+00 7.841777657932073708e+00 5.301203231881472355e+00
9.842782200724102815e-01 6.453681954061810666e-01 -1.694682247280399068e+00 4.112602230279991389e+00 7.256969111448322574e-01
