1.834135426030399696e+00 5.314949916120721429e-01 5.611778197855572969e+00 -3.057808921378482481e+00 4.903898206356767098e+00
1.738420036791342715e+00 1.252314326642440578e+00 -5.680218321665179815e+00 7.812407610883020936e-01 5.121122442561241606e+00
1.872736847399525395e+00 1.210770082367647049e+00 -8.779148074291697412e+00 -1.171020410000284784e+00 5.164546522504609882e+00
1.428150197928329312e+00 1.227205285922695399e+00 4.635636618965882860e+00 9.348784074874686212e+00 2.222241784618200100e+00
9.179503343663418802e-01 1.897657082882473034e+00 -2.724396689691726436e+00 4.759574524029446252e+00 4.866881009251383006e+00
1.242665408506038460e+00 1.962788082540028567e+00 4.954957109437398088e+00 6.973689904827629960e+00 3.016639566001122041e+00
1.898957188658667139e+00 1.561026894327565806e+00 -1.540452279215955400e+00 7.875348647184484463e+00 5.094654882012237707e+00
1.467274434624991963e+00 1.668804988878999751e+00 1.164551809964002871e+00 -1.485022016079941665e+00 4.091053475721349919e+00
1.000725964451543604e+00 1.148854455032298105e+00 -8.939276511090703536e+00 -3.424366285971290225e+00 1.757452864584131413e+00
1.980969370225493575e+00 1.064575603503187251e+00 7.062784512068269294e+00 -9.811322235272104564e+00 3.858337494145027247e+00
1.242974710800725191e+00 1.753801261247069032e+00 8.423466647828867337e+00 8.635248582240432569e+00 6.181892437658773609e+00
1.071471191255456201e+00 1.789490747938646598e+00 -3.493288525547930234e+00 -9.392361922830012588e-01 4.588245927767490850e-01
1.444568451705071865e+00 7.429379589751494706e-01 -2.333379569730160696e+00 -5.793436353668552918e+00 4.307676521274021120e+00
5.999507855464648598e-01 8.905103857429855774e-01 1.148010451915586927e+00 -5.663929975988160059e+00 5.650943340866798614e+00
9.934877507603321334e-01 1.809276190345325608e+00 -8.772761553468235718e-01 -9.205238754513995758e+00 5.118561690171502754e+00
