1.345661964765561880e+00 9.612651971151857655e-01 -2.365507643623237399e+00 -1.632051775898338164e+00 1.414529414241218808e+00
1.452101055333156143e+00 1.761513789363586158e+00 7.312094919735343979e+00 4.465633029152844102e+00 4.492010400700637618e+00
1.137575853573169260e+00 1.652792109112312557e+00 8.023052657457892423e+00 -4.838123694623870819e+00 2.677669665807564492e+00
1.520126242284398188e+00 5.687495286138632977e-01 2.599814511417688934e+00 1.399233733472151187e+00 2.309381377885486586e+00
1.141711252670853494e+00 8.160353364871095749e-01 6.453829456890964877e-01 5.791412027435445253e+00 3.283403713371099375e+00
1.615774859466086788e+00 1.981870009121207366e+00 -5.081062351586755454e+00 2.354759548100773259e-01 1.033563839731423961e+00
7.614512989321130521e-01 1.042368229712093308e+00 6.930669879767183517e+00 7.010292679881267475e+00 1.616897428904905398e+00
1.900135799082957933e+00 1.589098469814062886e+00 -8.563015968169649383e+00 1.897494557876697741e+00 1.443775835226418947e+00
1.019680285822267995e+00 1.193986049305789887e+00 -2.302314586424278886e+00 -7.894141658262004313e+00 5.218727611836081692e+00
9.472818622011974776e-01 9.112063929032394594e-01 8.029358590936755746e+00 -7.215187174698217021e+00 5.792382040121600184e+00
1.610621571352079950e+00 1.071963526686226409e+00 8.203559674389808265e+00 3.272139084762015315e+00 1.294572858302660334e+00
1.201232796743366249e+00 1.782276239335312207e+00 -5.347116958151847399e+00 4.092271650317035991e+00 3.937579393538876982e+00
1.222509286374949378e+00 1.764368764958495372e+00 4.988608308234436350e+00 -8.137260114446782211e+00 4.396514297976207075e+00
8.253788341211685253e-01 1.053134970085708222e+00 -3.750084039217174592e+00 3.373140931063979053e+00 4.433114017065108436e-01
1.757875190506499541e+00 1.194614724108260306e+00 2.358794960216858527e+00 9.401045637008405009e+00 5.650526542347064307e+00
5.426324346621769212e-01 1.506398219121589888e+00 1.857859648795479046e+00 -4.038105713766215743e+00 3.354475492689689559e-02
1.487387777490239760e+00 1.536814607683688827e+00 1.840693668192667332e+00 -2.527834008716691727e+00 4.374829496820940911e+00
5.054310193771955895e-01 1.700051910745362216e+00 -2.046723572691551141e+00 9.428238383498019459e+00 5.441391906333405970e+00
1.503415897184313454e+00 6.547547533056179425e-01 6.006653327358101535e+00 -1.059298279644430352e+00 4.071284645342637454e+00
1.866240887290064876e+00 1.052363521501007426e+00 -7.564670034016291567e+00 -4.889911668937470424e+00 3.998262582666202825e+00
