1.490346894527988297e+00 5.352431977798213225e-01
9.479207071065749446e-01 2.085433699485871095e+00
2.615798036180128960e+00 -4.206344222058406856e-01
3.060952380158679986e+00 -7.925998730993208952e-01
-8.786509415311716253e-01 -2.292071985159819469e+00
1.297914785731263621e+00 -1.685196116670610422e+00
-1.163895865130429197e+00 2.857560327975145142e+00
5.074065096143609566e-01 -5.405003432073653968e-01
-3.039727697176327403e+00 -2.253039743792717431e+00
-3.122689775292798231e+00 -8.447450917809833371e-01
