-1.931570342854087130e+00 -2.463907160506019878e+00 -1.046084785807134043e+00
-6.164319354776715443e+00 -4.765114765055722401e+00 -9.876345165564268669e-01
8.999622898192434661e+00 1.101600175826467520e+00 -1.769289147872596724e+00
7.506304118156471361e+00 -7.766018457934240615e+00 2.335989581813958438e+00
-3.502949495827937909e+00 -6.697134244839737960e+00 -2.776492584215564108e+00
-4.201920273496327241e+00 -8.950461090446520274e+00 -1.371959166168340349e+00
-7.677846914599997241e+00 -3.224088905494677526e+00 -9.073708771764450454e-01
5.737911241258675688e+00 -4.242566992691189753e+00 -2.081923904724876984e+00
3.146229574678754304e+00 -5.577484047993932492e+00 8.509513369331429544e-01
-7.865160123258466029e+00 -1.469516695775613613e+00 2.207407911932595113e-01
-2.930723754142503523e+00 6.798271034248386968e+00 1.767104449018268575e+00
7.697101406688368286e+00 7.723393710298974923e+00 2.804459538336399937e+00
-2.065366253471654368e+00 5.706975723584726268e-01 4.039153204067971181e-01
3.182321810209760571e-01 9.212648662341482719e+00 1.148362510117428847e+00
9.090975369861084232e+00 4.001026116303984637e+00 2.561040201237549496e+00
5.757895624970768012e+00 6.402312483909206264e+00 -8.517290180294194712e-01
-9.843715894808187983e+00 -4.625378050132886720e+00 1.011014367478913378e+00
-7.794099368288947005e-01 -1.628728079758744229e+00 -2.947846250523765921e+00
1.184082476956014318e-01 9.052519789915109527e+00 -7.156868449947038080e-01
-1.707794445681097173e+00 4.290296541465908220e+00 1.954591128549580503e+00
-1.011360595456396894e+00 -6.921009162321531960e+00 -2.270193273577609805e+00
3.308179701187818011e+00 -8.011727897570040113e+00 1.023772376491307590e-01
2.913211058474997728e+00 6.324780476124196582e+00 -8.354767816812218584e-01
1.480763257343642891e+00 -1.675100293068148005e-01 -1.597804656516621513e+00
-7.615916104053514601e+00 -2.406836518488191246e-01 2.970425647379070888e+00
8.748068213235839607e+00 -9.619522722100779077e+00 4.220271153825767563e-01
-6.757776507261052501e+00 4.488797957078205059e+00 4.223951435288615386e-01
2.345254098425620271e+00 5.996668512714229848e+00 2.446587546195972962e-01
7.332815899620143796e+00 3.407755132062602499e+00 1.929733278444820677e-01
-2.556604404863875857e+00 -7.250017195276061699e+00 2.071883237418217227e+00
-5.815501812620200717e+00 4.766786326656093919e+00 5.059264410974479986e-01
-2.764727861593973657e+00 3.717756322955882098e+00 -1.832817127157210013e+00
3.683683639550224598e+00 4.732677091423676430e+00 -1.107076704314152060e+00
7.601681895158758806e+00 7.032970931762829281e+00 4.410933928050146946e-01
1.998541788889125925e+00 -4.144014291305600395e+00 -2.951727189827885400e+00
5.837710804468978054e+00 -3.588197191576019129e+00 -2.814001161191015399e-03
-1.988841625649868661e+00 5.340833456208359920e+00 -9.844478363657480635e-01
-1.519751377048798702e+00 9.217327717480038984e+00 1.882998772081903027e+00
-4.490971614005319523e+00 -6.471808728992439086e+00 2.935205528901529526e+00
-7.890195420236214119e+00 -6.013077317056922944e+00 -2.434903335154995574e+00
-5.198275911091356782e+00 -3.691811046627417880e-01 -1.187256962976615648e+00
-7.290429602928920616e-01 8.399488688653995894e+00 2.847204592018764302e+00
-3.507159382869438069e+00 -8.703771931317973554e+00 1.207225464397363446e+00
5.209201854706362766e+00 -8.836992092162855528e+00 -2.929086812964718511e-01
6.372562432520386011e+00 2.313314624521563445e+00 1.386864662830705974e+00
-4.520705214635212243e+00 1.028493668901548475e+00 -3.705347619131686976e-01
4.739211476137290546e+00 5.558492589063437350e+00 -1.304345832511279113e+00
-5.267796717917745397e+00 -1.627879415689946541e+00 -2.480478274771450664e+00
-6.838439395310517810e+00 -1.814880445043678847e+00 8.198396327210413226e-01
2.963987051874731549e+00 6.535436840858416474e+00 2.168043769199703874e+00
5.999871955207980889e+00 -3.795978139100495419e+00 -2.998871227364745096e+00
5.758645756405622151e+00 -4.398331215396911631e+00 2.561063492964088084e+00
-4.707012077827810614e+00 6.089304336540944718e+00 1.838475064230864042e+00
9.981473594481155232e+00 -6.062290128315970250e+00 -5.788115607422135156e-01
2.419301020846557293e+00 -9.410473535700925041e+00 -1.951080819066200789e+00
5.751326388653746235e+00 -5.987837445134205794e+00 9.681250710186626307e-01
1.180592770990784857e-01 -4.552840160553550675e+00 2.638483272643139088e+00
-8.758895498673258118e+00 3.359143110576896518e+00 -2.602433990747872627e+00
2.438629092987856239e+00 5.773992229257924436e+00 9.093077078254987455e-01
9.470635808411582701e-01 -1.064958314768503556e+00 2.130640660441425638e+00
6.080534693493159892e+00 -8.951496077967142639e-01 2.259629290448920358e+00
-6.138355819844165673e+00 -9.181759716796326742e+00 -2.500657186465350179e+00
-6.235836226198294696e-01 -4.623229566828581660e+00 3.106711949750940782e+00
-7.406964765828433883e+00 -7.324897083250476726e-01 1.705453196242777913e+00
-1.947462804875527809e+00 -1.755885636842597464e+00 -1.488364887854912944e+00
-9.958166876238255583e+00 6.710117064918659224e+00 -1.746593964551646172e+00
6.461126002018215075e+00 -4.021060008675927833e+00 -8.124940953307806524e-01
-6.610907532125008146e+00 4.466391507367674762e+00 -2.986226343660939975e+00
1.900608868327761769e+00 5.203999870405450423e+00 1.631120053140318937e+00
8.685184223710006535e+00 1.027488764986175696e+00 2.888662961621092151e+00
-5.513398644920474823e+00 6.671153207371723681e+00 -2.039299703562299282e+00
7.696410059505488732e+00 -1.718949973705829137e+00 -2.609707552969713351e+00
2.226314119929472923e+00 4.290640880841321447e+00 1.778515217103645796e+00
4.887597544807091410e+00 -3.519872507392136640e+00 1.858068777596474597e+00
7.964798968684803526e+00 -6.967166131728528278e+00 2.379137210140899406e+00
3.156993659515503481e+00 2.135713716930222716e+00 -8.511885797505280848e-02
-8.075953805814199526e+00 -9.500654855741126781e+00 4.227367452912544898e-01
2.229749362375423871e+00 -8.453212794420629450e+00 -1.926548744506338950e+00
-8.088177986661385432e+00 5.835311481114338505e+00 1.367721962013160208e+00
-1.478236700174807794e+00 -2.161348889876711254e+00 -1.518230111095892676e+00
-6.254857188589639350e+00 -1.464379490576728671e+00 -1.961461868258179697e+00
3.432819345046194570e+00 3.545840904066919208e+00 -2.620377517001850176e+00
-1.378063178082406637e+00 5.169035763596376398e+00 -2.014483098558297769e+00
4.148159734660660902e+00 -1.531151075226977909e+00 -1.968992675109771051e+00
5.578530116404643024e+00 2.903065992300653875e+00 -2.958216948806340785e+00
-3.971940183979061345e-01 -3.882334244484599850e+00 -2.964823824198012936e-01
-1.201470385099607796e+00 9.998820749687066467e+00 1.453706033582681023e+00
-7.683058231359234824e+00 7.702419890960300108e+00 2.061336731697593905e+00
-1.365325229067586577e-01 2.130028380005256849e+00 -9.186295961880248662e-01
1.329152547710199528e+00 -3.338444602693069641e+00 -2.198534997764547860e+00
8.700956290560505124e+00 -8.285125350226021368e+00 -2.869486186606080125e+00
9.899072593986268487e+00 3.043924360111029515e+00 -2.030842223811617941e+00
-7.538611357208402808e+00 -5.144129324214348209e+00 -8.343294063356530010e-01
6.175243201469616139e+00 -7.112114009576160356e-01 -1.297680683766506915e+00
-2.688831018369183923e+00 4.190557089650855715e+00 5.415203626696869499e-01
-9.628681891335464371e+00 -8.368427289270954361e+00 9.045097858564776772e-01
2.217973461443987659e+00 7.267641730425260960e+00 1.655901060350434051e+00
5.031404435500739680e+00 -2.818155475821122025e+00 -2.062360969399705812e+00
-1.054450352880770936e+00 6.346312104099066431e+00 -4.448048063136935681e-01
-2.795840471498197033e+00 -2.871700692419620893e+00 -2.829243539056066847e+00
