8.198807805237361634e+00 -5.427035737962815354e+00 -3.040395518110546202e+00
-3.943734817914785751e+00 -8.279356887862531877e+00 1.869695218199101561e+00
3.610867400172494968e+00 -5.113460159298144347e+00 -6.034976248363292939e-01
7.814941185678875968e+00 -2.196901773560373528e-01 5.622474992889423540e-01
-1.859402342933965002e+00 -5.530881249818455636e+00 2.937889230658227824e+00
2.394934528123538797e+00 -1.463070869965523713e+00 -2.052342493389277323e+00
3.451890412844258904e+00 2.628099226148755463e+00 -2.628428455474778325e+00
-8.941317944978004917e+00 -6.575042408007234940e+00 -3.670226654197246141e-01
2.617089297406433701e+00 4.085382145004604837e+00 -2.232418097723300132e+00
-8.187654431908583774e+00 1.117989249962478837e+00 1.075319545422745549e+00
9.343568010993767103e+00 -5.355805012569003765e+00 2.469467676978283954e+00
4.258982019373853234e+00 -5.027535902597977113e+00 -1.248218944016437071e-01
4.961310751494682592e+00 2.540298059656393548e+00 2.087054224177943063e+00
6.562349505831974739e-01 4.034564588367107518e+00 6.289831217637624761e-01
9.413836035323697615e+00 -5.764528964576463466e+00 -2.113211871087092852e-01
-8.755596252884576103e+00 -2.033171223137442141e+00 1.522107589435437447e+00
8.435976755790420611e+00 3.610821788138308008e+00 -1.088393775450835044e+00
5.744327706832592639e-01 -2.451002291110954801e+00 1.992041674588751476e+00
4.520357420389014891e+00 1.715232158036641863e+00 1.472568764324831747e+00
-5.740665971860499539e+00 -7.294339375871372155e+00 1.555012368310064730e+00
6.561976096006880255e+00 4.890219190820088713e+00 -1.683874699860540280e+00
-4.724175874990931945e+00 -5.331528252763630960e+00 1.055730478385846993e+00
-5.053962096208586274e-01 9.178470370974388004e+00 -4.674680177540153636e-01
2.216443258911688474e+00 7.722391990918893612e+00 1.330236052417979487e+00
-3.387934803861087474e+00 5.366924662257799739e+00 -2.927311048960826056e+00
2.234068243422601796e+00 -7.466778863389869514e+00 -1.125657837509320469e+00
7.653159666638124747e+00 3.193637636321932760e+00 -3.020623017667984023e+00
-1.133778508179155153e-01 -6.392234275495183304e+00 4.790057219322592097e-01
-4.865938889501535414e-01 -3.272324315409582240e+00 1.941528834737118459e-01
3.977761485989915968e+00 6.396799030280959641e+00 2.613434273661676244e+00
5.352431532671726444e+00 1.992403205983524828e+00 -2.049545907737794881e+00
1.113868548527454649e+00 -8.018934617444559265e+00 2.145234776584122649e+00
-7.534833484310365925e+00 -8.413831223423851924e+00 2.086594364606857432e+00
-9.287889367029126930e+00 -4.759121402616366403e+00 -7.912636964054753363e-01
9.783617673085199584e+00 -4.248992388347200944e+00 -1.224773774024578321e+00
5.141436169699213465e+00 5.767891635223758584e-01 2.438270731606249520e+00
-8.969958415715096223e+00 6.991446037533535218e-01 2.035657146063773126e+00
-2.901491623305087586e+00 -5.341351432345895489e+00 2.647662978867142414e-01
2.997714824798883626e+00 6.601790558008957532e-01 1.857517155642161910e+00
6.132976886438612496e-01 5.651424352897720382e-01 -1.170837865527452726e+00
-2.171146454697236550e+00 -6.213616794068272497e+00 2.706880802336572245e+00
7.794477764285510091e-01 -2.412924575438404773e+00 1.481214591811906622e+00
-8.069009913372127585e+00 -1.009834100882907038e+00 2.317091312980670281e-01
8.181429121563237317e-01 -3.237314854475046744e+00 2.814534525724924130e+00
-9.770469433281236959e+00 6.866233770796355884e+00 -1.025203887001934877e+00
1.359901492172019388e+00 -2.683501022428091964e+00 1.647926554826329770e+00
-4.322827760535385977e+00 -8.002851756761302227e+00 -2.965740024365589367e+00
7.152470423211500616e+00 3.000509048690878089e+00 2.411462306384403398e+00
-6.484000291808911243e+00 -3.535289661783207471e+00 2.731344293625828534e+00
1.753376394126973992e+00 1.199168284945528740e-01 3.121893198604782427e+00
-4.729682357069762588e+00 -8.119817452139075797e+00 2.494629377945616788e+00
-1.445563831180010084e-01 -4.206334787694679278e+00 -2.052055401111360311e+00
7.028052739829202977e+00 4.021764567661216816e+00 1.510388672264513232e-01
8.784549205576201558e+00 3.170182034266460391e+00 2.889433735272984194e+00
1.562868560606350599e+00 -8.575980435306700400e-01 1.065085044552016136e+00
-7.381550289342373006e+00 6.144342813008897508e+00 -2.230221541554321174e+00
-4.978976964056586851e+00 -4.959281344353998477e+00 1.598671886761144023e+00
7.582760484193581618e+00 -4.349286434607508411e+00 -1.056976964117418483e+00
2.352353963165402462e+00 -1.686025021214483388e+00 2.241947402287534530e+00
7.787133478693110789e+00 4.941735954609033143e+00 1.357458479575986310e+00
6.145889467659703342e+00 -5.045052697555869159e+00 -1.146253855632838770e+00
5.999553480692817686e+00 7.634284077136577196e+00 -2.197588447061684214e+00
-5.929420151083276025e+00 3.199536853290432248e-01 2.649140047226983263e-01
4.579403819316059554e+00 1.609628632389224379e+00 4.841547752041321928e-01
-7.689537129044714092e+00 4.388183792988689547e+00 -2.254150690824896053e+00
3.862984318700162234e+00 9.190874458081054854e+00 5.881804666073930932e-02
-9.916542658051374914e+00 9.339755069093964579e+00 8.163401187059089459e-01
5.914262483349482125e+00 -2.561212562068968523e+00 -2.123094455902819533e+00
9.153043288690021484e+00 4.772510868000580331e+00 -3.087414304544274124e+00
-5.529758342988904118e+00 7.191698743873136124e-01 -1.668355071968556702e+00
6.042604512422212082e+00 -4.370965270874132003e+00 -3.058226246152754957e+00
4.238433369450294919e+00 -8.139476284948838014e+00 -1.048337863982100160e+00
9.926487240692246417e+00 -9.081033389011414769e+00 2.938542101862893219e+00
-4.773261619378102338e+00 1.022109321991838016e+00 -5.326870594590649155e-01
9.890400848316030391e+00 -1.381453271855669129e+00 2.334622107171533401e+00
4.148187710136468809e+00 9.805972290735816443e+00 7.527397075011581506e-01
3.937304348512238761e+00 -2.055550583966077483e+00 -3.061381022124373352e+00
-2.344717140227530194e-01 4.620878949032285021e+00 1.845015713876017927e+00
4.235223786733598672e+00 7.194487235521954460e+00 9.442482762298975985e-01
-4.918055523352007796e+00 -2.021215320424467166e+00 -3.526586056394886981e-01
-6.792694052269023786e+00 5.523937393595080181e+00 -2.437906569461219863e+00
-2.274690798818030935e+00 -4.821044533321321879e+00 2.887764793056470047e+00
5.209311895942134285e+00 5.735103323444320722e+00 -2.586135751751008183e+00
4.159688138246709244e+00 -9.293967893863531060e+00 1.471288163864688414e+00
-7.039683867721143073e+00 -7.662509096490071059e+00 2.721174999539801576e-01
2.840030735932650430e-01 -8.053601118178445262e+00 2.393163848103525559e+00
4.994051437238375968e+00 -9.271581066559832607e+00 3.597602540169257956e-01
2.866520602846527765e+00 4.637587351176016170e+00 2.734264657857784719e+00
-1.952627608985118002e-01 3.026964843285453455e+00 -2.610954893700152546e-01
-7.761157095336277401e+00 -1.609411698755394582e+00 1.964614712496846494e+00
6.408971993102646536e+00 6.660764366331438424e+00 -1.797276635397375255e+00
5.447597010009502583e+00 3.381986980811946708e+00 1.229372989339473143e+00
-1.064524186553397200e+00 -7.752342323133118995e+00 1.557127720534024817e+00
-9.590545842910637830e+00 9.687935206606375971e+00 -5.984353439587213330e-01
-9.974699613558744460e+00 -8.345722460889904326e+00 -2.883216067674765348e-01
-7.058196899373907485e-01 8.784105960801277035e+00 -2.928258246312542390e+00
-4.272331147648946725e+00 -2.203277212251686379e+00 -8.687466269514874107e-01
1.054306299691834425e+00 5.461805409049222959e+00 -1.767004638315415210e+00
-9.597091040157541997e+00 -9.340154108674088462e+00 -1.932145084109915256e+00
-6.181017234320568932e+00 -1.228097142273050224e-01 -2.430524092057931185e+00
