1.745089226315489128e+00 3.527636440351318292e-01
-2.146404078531405801e+00 1.196914289182799962e+00
-5.959204966572455575e-01 -1.357259615524403218e+00
-2.307737659163130672e+00 2.434546851498516240e+00
1.143414425323861394e+00 4.903342680150934996e-01
-2.383641978153116625e+00 2.066505862254281567e+00
-1.162424882138386018e+00 -2.876326871374856875e+00
-1.172604646004302920e+00 1.916039066379202183e+00
-1.469108509960350695e-01 -3.598665812949546350e-01
4.172373649584071309e-01 -2.575279016371056162e+00
