-5.562679187618879695e-01 1.972759538436280380e+00
5.358560514230483740e-01 2.939536492445699700e+00
-1.720846632277282184e+00 -3.128328547237082979e+00
-2.409242610562500886e+00 -9.616956497685982264e-01
5.428292402498606783e-01 -1.800052530390152006e+00
-1.259935722139060132e+00 -1.636351448147829180e+00
-2.055625403634699033e+00 9.143349691320663553e-01
3.520353829532107959e-01 1.873956221718516169e+00
1.750849163860760171e+00 -2.158173836031344717e+00
-1.034953652835294946e+00 1.199446759743254098e+00
