1.729493913847291786e+00 -2.641605734059645272e+00
-9.072842885552647729e-01 2.445788630721816403e+00
-2.346581571913944231e+00 2.533194476562828257e+00
1.893837644519517305e+00 4.705731433289446208e-01
1.168200386142430602e+00 1.359747878610839678e-02
1.937086538646965117e+00 7.897175568675995905e-02
2.036607747833643955e+00 -2.777092660710885674e+00
8.247845844784742475e-01 2.758848975291421368e+00
-2.798144982361904898e+00 1.825513378676695275e+00
2.460062602875574989e+00 -2.596514479590792401e+00
