6.795532954278481697e+00 5.170093280325554375e+00 -8.221998589514494249e-01
7.139547620812372486e+00 -6.048978013915098373e+00 4.991915203288757041e-01
3.719187159473818838e+00 -3.579283739715448220e+00 -1.379615137259449842e+00
-6.948224411741932727e+00 2.134852529883756844e+00 2.461892960989546353e+00
-4.760225731032772245e+00 -6.714847570567918922e-01 -1.357113181192686202e+00
-2.536861746893819713e+00 -3.780912188114862182e+00 2.423166950389063601e+00
1.698509059497965268e+00 5.840664887960151930e+00 8.049949706217081058e-01
-6.487443804803021408e-01 -4.754018539655168851e+00 2.485166578673263515e+00
4.190778679394174588e+00 3.477891255606646581e-01 -2.479571219240110480e+00
-3.378525628887041776e+00 2.441799356858286529e+00 2.919801801215545112e+00
5.113978487869186296e+00 6.637125667717292288e+00 1.204062155647318555e+00
-7.346786657681692034e+00 1.133760975017441552e+00 -1.473397086028307212e+00
-3.371098521164322293e+00 -9.433113137014261795e+00 2.171963274293930546e+00
-5.923748759147202669e+00 -9.512692367241267988e+00 2.057624210887118110e+00
-7.570498406904865973e+00 -2.745733667738505801e+00 -3.104047559184815785e+00
-7.035097557135319590e+00 8.086125239460201897e+00 3.601786989268895844e-01
9.479280283210584912e-01 -1.927304803435472280e+00 1.032846735305825270e+00
2.048427626131687163e+00 -7.883846209287172613e+00 2.739783012269993101e+00
-9.492492131899403773e-01 -9.867639676151986450e+00 1.673810577384280407e+00
-7.126055816969660839e+00 1.696245604464223788e-01 2.572483940451447459e+00
2.529792782663983886e+00 6.590763061037122839e+00 -8.892844130844919093e-01
-7.362621741067392200e+00 4.635007822173594860e+00 -4.447900440530281330e-01
1.912784037016583838e+00 -1.630119771891536118e+00 -2.025465048978236204e+00
6.290295691289156110e-01 -1.876327844337634332e+00 -7.340754739067891776e-01
-7.709636887925846338e+00 -8.904102299179044167e-01 -1.211382258271737511e+00
2.013634395625679474e+00 -4.423002153396065061e+00 1.877732884077119024e+00
1.508952430699929792e+00 -1.321466718408714769e+00 -1.667479953240929014e-01
-6.649373620702760945e-01 -1.243555115195615457e+00 -1.476593425272539228e+00
-7.602356000412484605e+00 -8.786644561671533182e+00 -3.032638727563032877e+00
4.128510717242836137e+00 -5.938429067586373122e+00 2.373458135660158064e+00
6.100551375986569269e+00 5.419647230430530982e-01 -2.720585566375577358e-02
-3.373646917180845861e+00 1.008560812113799443e+00 -1.639651703552437167e+00
1.217134495289807106e+00 5.083374199344925515e+00 -8.630229197055641066e-01
-4.118879002550068336e+00 -9.900432405283643433e+00 -2.356568317501599452e-01
-6.135791472919571277e+00 7.200225612630386962e+00 -2.043437909556043763e+00
-3.543661380649714587e+00 -9.606761437352218991e+00 -1.036700635372790114e+00
-5.013467534293873484e+00 9.425224439026216317e+00 2.337712921771903929e-01
2.111634289435908585e+00 2.322277347035569761e+00 2.893192486125902185e+00
9.367865633470540132e+00 -5.509249950950952268e+00 -2.193745346255241202e+00
6.437342181606318547e+00 -9.513036722957853186e+00 -1.717792432341538778e+00
7.377990973926429774e+00 -4.594197584859356809e+00 1.684764384425594841e+00
7.550845154446854224e+00 -4.989671789212377639e+00 -1.198572090937597867e+00
9.245804438420542226e+00 2.453580398485136982e+00 1.097981171985043858e+00
5.053901550217105410e+00 2.389377334809015707e+00 -2.390493355731994729e+00
3.632240783865533729e+00 8.241373144927784722e+00 2.212084756046007961e+00
8.287708239305832336e+00 7.353063125363043184e+00 -2.964499263263455475e+00
-5.656754540931380859e+00 -2.637435432090928344e+00 -1.588445534729606257e+00
-2.241373503441186799e+00 -6.483860793855673599e+00 2.992771750535174746e-01
-1.192840702370151718e+00 -5.353318907369502000e-01 1.963668309281001889e+00
-5.239893640779314410e+00 2.490631056883358951e-01 -5.915301015412142149e-01
6.770961559201289504e-01 -9.158817223184371414e+00 5.535131389347380804e-01
-9.656528785921663527e+00 -2.453814805780140773e+00 9.827085664763606232e-01
7.867940795342438065e+00 -9.631167460551662174e+00 6.152833395499048841e-01
-9.386715662490567880e+00 -9.757247964580786359e+00 2.365538761820100255e+00
9.234440233472692938e+00 -9.710526557315413143e+00 1.016325988616797460e+00
-8.472235368095230257e+00 -4.297367018869369559e+00 -8.475167708660724664e-01
4.033902632613186157e+00 1.551731033386030134e+00 -2.347561679450769212e-01
-6.046671314856544299e+00 4.102224551297464217e+00 8.803285550881216892e-01
4.430715531956961328e+00 8.233657927346236249e+00 -3.394131148041634738e-01
-1.026431726739955863e+00 8.017991485004888119e+00 2.462993683984437965e-02
-4.967138020739723103e+00 -4.592365975039960801e+00 1.057572995818715000e+00
4.516181690705590057e+00 -2.374006688745420313e+00 4.099011637714489176e-01
6.666977414278857594e+00 -7.970831401239369285e+00 1.996731844705224468e+00
-6.233766111857170777e+00 6.134160014564958630e+00 -4.448994583036998129e-01
5.592748412179970430e+00 8.181626758481041151e+00 -1.544227537371702708e+00
8.823768650166158523e+00 -5.474870434373750427e+00 2.934876134962498107e+00
-3.287015210564074863e-01 -8.919144803538030075e+00 1.866795074484201677e+00
-8.041669766868729141e+00 1.395339456546111023e+00 -1.380962153969997219e+00
-3.440140291507480796e+00 -6.926049757758874215e+00 -1.815987838582647562e+00
4.531058679155989921e+00 -1.782288680698652428e+00 -2.126881631730960898e+00
-9.471248822887003982e+00 4.613197991728519298e+00 -1.290123146753911820e+00
2.135588793444412659e+00 -4.699332111101437448e+00 -2.422171498210651031e+00
-5.458849467590399129e+00 5.468190576814517811e-01 -2.801911287820239682e+00
-2.533771339614750318e+00 1.989236214420103011e+00 5.354772366734508182e-01
4.597808884626504167e+00 5.776934627183720750e-01 -2.181242004947963053e-01
9.359032952073139455e+00 1.469347968007879146e+00 2.238819300032647064e+00
-1.404540017435348176e+00 5.773274389600203449e+00 2.819655164831280203e+00
-9.897379913023058862e-01 2.856797988866510707e-01 -1.503086909447417963e+00
-8.580341335433656624e+00 -6.893333951173474361e+00 -6.898296982785137033e-01
-3.949291478812013700e+00 6.769908450472236439e+00 -1.833323151164830689e+00
8.899312341466171006e+00 1.669351438796160991e+00 2.928719218075459096e+00
-5.887154026709826127e+00 7.784855604710894994e+00 -2.689095188898760647e+00
-8.552843898921887344e+00 -5.323667694190838517e+00 1.410819647519946152e+00
-4.544896861695127299e+00 8.297622676891084126e+00 -2.666603308277469164e+00
-6.318404691998573242e+00 -7.477931656859246878e+00 -2.965082056273158795e+00
-8.986883020774127928e+00 -9.325985062829724725e+00 -4.581128089671748782e-01
6.569870706941426164e+00 -8.104304309248462346e+00 -2.326841919360696842e+00
5.518013665808826573e+00 -8.889294342747287914e+00 -2.220130884947593586e+00
2.572816372117188166e+00 -8.761750814244566143e+00 -4.688417169575651577e-01
-2.395165335022970687e+00 -5.607858641327945648e+00 -1.118733569839105435e-01
-5.268195997734226310e+00 4.791643309797708028e+00 2.875693311544473829e+00
-5.296924695798259641e+00 6.178904958521002300e+00 -6.349438800252684700e-01
-3.065171310787619952e+00 5.031488247467951425e+00 1.730896844821320890e+00
-9.367573804292263162e+00 -9.918319452821560134e+00 2.882065366353895541e+00
5.054396074163207686e-01 -8.214836292446312527e+00 -1.009717678809681995e+00
1.374987383959108911e+00 7.746186685663641214e+00 -2.945397659356327580e+00
5.810286547819956127e-01 5.334775459122116814e+00 -1.557834503290114414e+00
7.720318921552788538e+00 -2.936383795176420008e+00 -2.250772841605851227e+00
1.803582296751226721e+00 -5.969077215877338638e+00 2.578264537576279380e+00
9.280624954685642081e+00 5.009850043024677291e+00 2.553530515695720204e+00
