4.883765808246332440e+00 -5.524638385885216607e+00 2.050883378492148523e+00
6.734365620459207946e+00 7.521356869647917165e-01 2.334769804635037360e+00
-8.401525085968373219e-01 3.010072341454577582e+00 -1.903431736195236423e+00
-5.539874287762418525e+00 -1.049740823015250513e+00 -9.661275429967832729e-01
8.234119866342336280e+00 -7.585562507623984096e+00 -1.162900317882446855e+00
-6.667840448131540754e+00 6.396228073887989751e+00 -2.404978499698097405e+00
-1.565798755134801823e+00 7.960574716233455916e+00 1.700984629275005489e+00
3.660222744920091031e+00 -6.218882829644895693e+00 -1.408704165732601599e+00
4.188309559357893619e+00 4.252562336114888097e+00 -3.836077027475326418e-01
4.122099148829221349e-01 -9.898191305652737526e+00 1.604660295445874851e+00
-9.127866127828845322e-01 4.138302019610547333e+00 -1.968702455032808052e+00
1.646931553690391681e+00 4.709922337184639929e+00 -2.295258880300321991e+00
4.235581822624446602e+00 9.002160688225391283e+00 -1.936371988927478860e-01
7.868368495156506270e+00 8.742095637218437076e+00 -3.853870309187930054e-01
-2.690617980172939738e+00 -1.369182189483030498e+00 -2.250045542580036972e-01
6.127072050547127446e+00 -5.589726198241457666e+00 1.734798601848743793e+00
8.307098125541440226e+00 9.214908448316986522e+00 2.582742355281672175e+00
3.413498131331033747e+00 -4.792399940299112870e+00 2.181003195650214721e+00
-5.407510840361799964e+00 -2.783278480850047032e+00 -1.095869314416806795e+00
-7.769683123731940810e+00 1.978357246911951250e+00 -5.600850920869393512e-01
4.412952264060603369e-01 -5.634319794260395753e+00 1.818787939406580456e+00
-5.635301378700319219e+00 2.120054202736929128e+00 -3.055682504492818197e-01
5.693738509054909969e+00 -2.885168228022103598e+00 1.323215554748408351e+00
1.290192671183804762e+00 1.258280400989463033e+00 -6.458996011318118846e-01
3.418939675715684245e-01 5.085564621718120293e+00 -5.306426641238028985e-01
-6.567869105399493534e+00 2.255213404440654656e+00 -8.561883335590274591e-01
4.117748080458170534e+00 3.064670289211203880e+00 -2.746598490389762670e+00
1.636391801279017955e+00 -6.949088964482939446e+00 1.431153221047996027e-01
3.054495726256904575e+00 -7.338369686755592980e+00 1.758514975410554904e+00
-6.069332506744046896e+00 -8.438675455148249682e+00 -1.645655752259158833e+00
-4.624217713921914275e+00 6.568143871375397680e+00 -1.063852094262621506e+00
-8.883701647808928570e+00 -4.277827315051436763e+00 3.085103648215792305e-03
-7.118673595319544134e+00 -8.658300843852426709e+00 3.843553159792114648e-01
7.817923241759498154e+00 -4.826117888244296772e+00 8.056691450904280849e-01
4.052281972706147428e+00 3.211528006166856741e+00 -1.291191530641852880e+00
-5.328060079101213375e-01 3.826108032481641885e+00 -6.790892178783791699e-01
1.375169661810939914e+00 6.137375072219704464e+00 -2.755558957686510269e-01
-9.507340463038637779e+00 4.400736704648849695e+00 4.493952905834488476e-01
3.488440924049267977e+00 -7.354050733993357625e+00 1.359410560974763982e+00
-4.052400912971608093e+00 3.133566816593962301e+00 -2.693903663959521300e+00
-4.291001467830557914e+00 3.832791468795743839e+00 9.543838984671149106e-01
-8.599747493153085287e+00 1.716677065667601809e+00 2.225995101112302699e+00
2.804920181954333458e+00 5.251928618176997077e+00 1.209370657083232992e-01
-1.128326322495219358e+00 9.873943484590245845e+00 -3.119787626967718275e+00
-2.582183961032336050e+00 2.286661954593878221e+00 -9.720577166105619504e-01
7.538283708334915900e+00 -6.898701073390052230e+00 2.537758985127549494e-01
9.627555023203576923e+00 -3.908315210494675007e+00 2.456845340921735676e+00
8.883396320437771720e+00 8.575559483901443514e+00 -2.025472294689039554e+00
-4.240168929373473006e+00 9.696632934046746755e+00 2.734266923836485397e+00
-3.387182404268669345e+00 7.819674852834165080e+00 -2.302317578027563982e-01
2.114692762612598642e+00 6.370005122202758940e+00 7.099794029338575285e-01
-5.114784338115767603e+00 3.144530025734281864e+00 -2.542553563373143533e+00
-8.375612925615056881e+00 -6.272192699005348260e+00 2.864925942717455598e-02
7.858425524578656507e+00 -4.093038987519770799e+00 2.699485830965373978e+00
-4.740877074402945368e+00 -6.117019168674113772e+00 -1.625851531496222968e-01
-8.726902793358654264e+00 -5.302104980611153096e+00 2.227791540272708204e+00
5.080391816650655201e+00 2.836596446949195993e+00 8.914402710453028789e-01
-9.318957942174119324e+00 -1.676304914387927170e+00 3.796403603757876333e-01
7.424849203071300252e+00 -8.200748225051675888e+00 1.863889105671046487e+00
6.079312428669116031e+00 -6.379016490749607193e+00 1.375765251282088819e+00
9.992258395964036310e+00 7.620755350414775364e+00 2.643732622989275249e+00
5.723118499856422403e+00 2.217473063261126143e+00 1.029418283681133417e+00
7.570517524035022205e+00 7.108333962833434327e+00 -3.084612187175758358e+00
2.333619789655516641e+00 6.818668592843966536e+00 -8.255495365337015556e-01
-6.973801282879361629e+00 5.102856154139139733e+00 -1.490540380572276336e+00
4.927895978655135067e+00 -5.133519447180006523e+00 2.157370033932224374e-01
-3.972357068474892117e-01 8.035279573455870405e+00 2.576075706834600965e+00
5.573607497901562624e-01 4.754891839705779333e+00 2.760967140278194343e+00
-5.062182142635065496e+00 -5.901469952981681644e+00 3.040234854802190689e-01
-7.454715814783392958e+00 -8.418445822242922816e+00 -1.496451710798749168e+00
8.526471095459051242e+00 5.048137169712422434e+00 -3.040600519356852161e+00
-2.339315592191553606e+00 5.868950271486301773e+00 -1.087254880991004757e+00
5.814791224782121404e+00 -7.382060455803904908e+00 -1.094652446910463706e+00
-4.539812578018576517e+00 8.703656485298715495e+00 3.063221413105826407e+00
-6.526753016046695777e+00 1.683363385742316254e+00 -2.285790940527490100e+00
-6.733811299871598877e+00 -5.818317297984583192e+00 1.477834724115420606e+00
-6.229348808214143496e+00 6.801523680763700952e+00 -5.857984550680228608e-02
7.589152330651486977e+00 -1.376992224132644438e+00 2.465629792929342479e-01
-5.556860312684004377e+00 -1.632201600834523703e+00 1.555606962569060947e+00
9.247080773780712804e+00 -9.202919394889018889e+00 1.127205337885094139e+00
-3.484792614786147880e+00 -1.859636065906384417e+00 -5.473119636744341321e-01
-8.791448139200767287e+00 4.235125281437374767e+00 -1.213777458119636776e+00
6.279800208132243711e+00 -6.421449706920498990e+00 1.972259929841331250e-01
-5.497959064688757280e+00 5.132533901751514804e-01 1.825044673348892310e-01
-1.256349161347387167e+00 8.212037578766931745e+00 2.861159657442184034e+00
-5.664212086863371631e+00 7.778500209806772148e+00 -1.920027290318889746e+00
3.336110649321568644e+00 -7.522000267845245780e+00 3.485111282773400987e-02
5.168299868952750842e+00 3.793779359706803689e+00 5.181490168433469101e-01
9.712012176618671333e+00 -4.328469611691920349e+00 -1.374764017451943765e-01
-8.442694980295362583e+00 -2.392258651678334402e+00 -1.952725882798134638e+00
1.371842997792491303e+00 2.786509260224034890e+00 4.029690555282483544e-01
6.282109398012348578e+00 -6.588106071904054062e+00 3.825242142247224919e-01
-4.552476199959816228e+00 9.351989819265320136e+00 -5.283679093466213672e-01
-4.861977003061639380e-01 -9.307518107634965787e+00 -3.040127799063078395e+00
8.522277426094849062e+00 8.638017630179039230e+00 2.169608564659037064e+00
-5.285067424677627912e+00 3.426829017320470072e+00 -2.535343920013984675e+00
6.593381306311513868e+00 5.015138051631868876e-01 -2.869852945279723677e+00
-8.322681189509296473e+00 -6.161209324261120557e+00 -1.525345547951479031e+00
8.132729993089782283e+00 8.940082708795216604e+00 2.292104757420387884e+00
-4.675176430662366656e+00 -7.371670894508492999e+00 -1.862661932759380301e+00
