7.834360344456534619e+00 -7.172930008421118941e-03 -2.575070272275685745e+00
-4.548484246517203289e+00 -1.791342206395331260e+00 -2.421457745450027232e+00
4.713329095718794548e+00 7.806044164164088528e+00 -9.094754144006516050e-01
4.335033714240505986e-01 1.053847422205173245e+00 -8.915452190879640249e-01
-2.028197058213283555e-01 7.499864882790639342e+00 2.233194357350505754e+00
-4.710520367459358759e+00 1.773218015428330574e-01 -6.629974079417477739e-02
9.820724771859232760e+00 4.528637695941053920e+00 2.055198346261220443e+00
-8.734153590623833452e+00 6.413541837011816682e+00 -4.666994834625732835e-01
-8.733647677792848896e+00 4.889098274251875154e+00 -1.807215211768995911e+00
-8.996650673578443502e-01 -9.159470319232985602e+00 -1.272950455279137305e+00
1.219024003626191899e+00 -2.900449494609667056e-01 -2.722102768719987242e+00
9.654784039457158684e+00 -9.806472563177987212e+00 2.027585204483413506e+00
-7.355529919167638653e+00 -8.158645443040928313e+00 -6.519741240311831554e-01
8.343769408740101312e+00 -6.164392608041264765e+00 -2.910944218820129770e+00
5.653028439410000772e+00 8.363011640533130731e+00 7.347217418788964949e-02
2.090682973467812289e+00 -3.301977905115148104e+00 -1.580510573016907561e+00
8.465614347146981800e+00 -9.781621917569205849e+00 1.483411340675214518e+00
-5.781168773977221065e-01 -3.151054570162237667e+00 -1.282542989846390924e+00
2.838269221749955662e+00 9.881025139193990725e+00 -2.118653785711182458e+00
-6.973818308559183166e+00 -4.030264304130675157e+00 2.835157168038601405e+00
-5.147344529196507423e+00 4.730741617644811825e+00 -2.251151476802472295e+00
8.328402794427631761e+00 -3.594135837937216138e+00 8.418700623352926016e-02
-8.197035921443085016e+00 -3.064797172788827240e+00 2.663037883107314485e+00
-9.928909790023517701e+00 5.127625309420720257e+00 5.825884967355317023e-01
3.023920709069646051e+00 3.493099579283910572e+00 1.818245769763985109e+00
-7.494528085162237119e+00 -9.928585740462816389e+00 2.124033954938422397e-01
-1.154580569619801267e+00 -6.411263501614994809e+00 -2.260779617141565723e+00
7.069176901126457579e+00 -9.215677540541557633e+00 -2.057186665015964255e+00
9.755429790624809527e+00 -4.266506128980633861e+00 7.114959158898090941e-01
-5.508279128007353975e+00 3.987899267425998318e-01 1.081136694100218953e+00
-2.176715335899313430e+00 9.060296742173132856e+00 2.570521968491802589e+00
-9.996664691562763494e+00 -4.699057312173562373e+00 -1.487224320412177336e+00
1.335944468498308169e+00 3.519261073452861766e+00 2.975953335661470689e+00
-2.696918763463569846e+00 -3.209337252572419530e+00 -1.151914947212411278e-01
-8.171514909333341237e+00 1.631988606871864533e+00 1.152554980452423550e+00
4.089121693050730144e+00 2.647923416481997805e+00 2.739442105583473897e-01
-7.920688529347215123e+00 6.681802661676634614e+00 -3.376317826003583100e-01
-1.671467704328183146e+00 6.470719545903207859e+00 -1.651754796550138238e+00
8.394192257976069271e+00 -4.760349937297565504e+00 1.584328717284967603e+00
-8.309695674850171798e+00 7.825151430496710248e+00 7.183091347588592690e-01
-7.962489090007323078e+00 -2.901233822525197681e+00 3.432221975203404440e-01
-7.756919844320842472e+00 5.472367286085823679e+00 -1.310303981857718902e-01
-8.647599234507319821e+00 1.585678535011874501e+00 2.098688676226267091e+00
9.930656237839322387e+00 4.747415677116313404e+00 1.623246947951173524e-01
-9.917887889562175374e+00 7.730420629002452415e+00 2.166376445961659236e+00
-3.139346759961383349e+00 -6.105991174220914530e+00 7.672886008038570793e-02
-4.760844629385399429e+00 -9.286624711217976724e+00 -1.496700900068905105e+00
-7.302910441028551247e+00 -8.404333372534559032e+00 -4.024832303094303398e-01
-9.153360663721585411e+00 8.721630714352613722e+00 2.920584746455403113e+00
-3.147398004491559931e+00 -4.997082029785923751e+00 1.021477638869567883e-01
5.903969542272486493e+00 3.234351333070122791e+00 -1.384481362667227433e+00
-8.158749138935002421e+00 4.546711862104110935e+00 2.126614217188118161e+00
1.776484835044854549e+00 8.731153492580425279e+00 8.808088707502674808e-01
3.055029552158043060e+00 -7.766492939004794316e+00 1.861452146289978238e+00
-1.469085513157581957e+00 -2.956478670969984179e+00 3.723965903796604415e-01
-7.691932991436023492e+00 4.308462159125475921e+00 -9.937288797052086231e-01
4.298244857567238952e+00 -8.983117712923789355e-01 -1.773703745626923345e+00
1.427253743831599309e+00 3.039261485355469361e+00 1.366595575953510888e+00
-9.701479365585383263e+00 -3.108441855564542777e+00 -1.256048526215183259e-01
-3.043828766010621578e+00 -2.179232411812206394e+00 -1.529847415283954293e+00
5.638818224410254487e+00 5.139371722352896299e+00 -1.059049426734181232e+00
3.832811507897670111e+00 -6.223813884345325675e+00 -2.970879410403742149e+00
-8.002074750641000378e+00 -7.284287481591251279e+00 -1.213568748130127606e+00
-1.528361688371733251e+00 -8.326799552438998830e+00 4.719269685602216491e-01
-5.611826116545199916e+00 -3.642640573646858115e-01 2.664344974143110889e+00
-7.783573875124809582e+00 2.212554520755666942e+00 -7.818864762920645362e-01
7.804691842052797313e+00 1.096148754984744400e+00 3.089964173258705316e+00
6.565119916696190216e+00 -3.177949533141111615e+00 -3.105859707271043213e+00
3.779708002252895938e+00 -4.222417822390789333e+00 2.566387649360960310e+00
5.347583533230292119e+00 4.946189748157312494e+00 2.631175604159038173e+00
7.991068670562661680e+00 4.943334534227899368e+00 1.193937025306263777e+00
-6.974102038759253830e+00 -8.799022933710334726e+00 -1.801917800867869346e-01
6.423230862034230881e+00 1.849407699907118285e+00 -9.612387549065806169e-01
-3.906279397887518101e+00 -7.314406712771399199e+00 2.619281893897277946e+00
-7.899339757917331895e-01 3.940004423966041003e+00 2.696969543210504305e+00
5.199656785490949673e+00 -2.313295825402805761e+00 -1.407649398205936597e+00
2.563555467537128152e+00 -1.715772050244581237e+00 2.373288036295719827e+00
-1.612154594657193130e+00 7.368039871154586251e+00 2.639167191771982779e+00
-9.822027347835540212e+00 -4.342112583784290436e+00 -9.622506089568005905e-01
-8.156197267817530516e+00 -2.626446021553112686e+00 6.292273347463339661e-02
6.993398255881210446e+00 -1.011402016480953847e+00 -1.353122535925418646e+00
3.179176821871784853e+00 1.401624077195766205e+00 2.691615874739274439e+00
-8.458590483172185870e+00 2.265393888286196145e+00 1.732132447858703017e-01
4.620435629720770265e+00 3.856672552802073994e+00 2.484957331120818402e+00
4.013200341463125653e-01 -1.413925262785822312e+00 1.643909385936215273e+00
3.609184550066064645e-01 -5.797132177396429498e+00 -2.219678353110180247e+00
-3.693462219853566708e+00 7.127349301248464997e+00 -2.184782336669186087e+00
1.189203918393033632e-02 -2.364627183658816634e+00 2.968620808606614148e+00
-9.135229562521525182e+00 1.027157305868932724e+00 3.141317945747502449e+00
9.184160969327496815e+00 -5.755290195996957792e+00 -4.783904530280405076e-01
1.432574678652782652e+00 -9.823559005908277797e+00 -2.171232087071502725e+00
6.011064744973680263e+00 -3.692513373499124896e+00 -2.266745488286685983e+00
8.284854124792538244e+00 7.728715001325802803e+00 -2.861177666112939555e-01
-6.914303716387255605e-01 -1.242699609385827131e+00 4.485107270737658247e-01
-4.168075539280168940e+00 9.692434898567384494e+00 -1.408748828293803879e+00
3.406486439191169779e+00 -5.287820579746855820e+00 8.124531187115131559e-01
-4.953621462776023776e+00 -2.949302097140598100e+00 5.861575628253250514e-01
-5.831871599354203184e+00 9.012255528500233481e+00 1.830063585243665081e+00
2.415087451172741595e-01 5.034836993933458515e+00 -2.830441380637364279e+00
-5.494530427907062808e+00 7.994622213865536509e-01 -2.956574932864595162e-01
