2.191394683522232434e+00 -2.830249441652402886e+00
9.547919871117782620e-01 2.083679968941013705e+00
-1.165866574478121587e+00 7.414485631151990219e-03
-1.652354927583941535e+00 -2.247494463110807139e+00
4.825934094458972368e-03 2.930784088167923684e+00
8.089790661927098725e-02 -2.300458999104672220e+00
-9.261324705764724108e-01 -1.991963196852778895e+00
6.164944261784284230e-01 2.445635831430201357e+00
1.463830648890649400e+00 -2.187661013705669788e+00
1.095185373577375110e+00 -1.053900276908299904e+00
